001000000000000000000000000010
101000000000000000000011100010
011000000000000000000000000010
000000100000000000000000000000
000010100000000000000000000000
000001100000000000000000000000
000000000010000000000000000000
000000000010000000000000000000
000000001010000000000000000000
000000000110000000000000000000
000000000000000000000000000000
000000000000010000000000000000
000000000001010000000000000000
000000000000110000000000000000
000000000000000000000000000000
100000000000000000000000000000
100000000000000000000000000000
100000000000000000000000000000
000000000000000000000000000000
000000000000000000000000000000
000000000000000000000000000000
000000000000000000000000000000
000000000000000000000000000000
000000000000000000000000000000
111000000000000000000000000000
000000000000000000000000000000
000000000000000000000000000000
000000000000000000000000000000
000000000000000000000000000000
000000000000000000000000000000